 time p1 p2 p3 p4 p5 p6 p7 p8
 0.0045   0.2816E+04   0.1007E+04   0.3127E+03   0.2988E+03   0.8810E+03   0.5259E+03   0.4782E+03   0.4519E+03
 0.0090   0.3070E+04   0.1245E+04   0.3373E+03   0.3012E+03   0.1217E+04   0.6721E+03   0.5777E+03   0.5298E+03
 0.0135   0.3097E+04   0.1348E+04   0.3663E+03   0.3057E+03   0.1322E+04   0.7935E+03   0.6598E+03   0.5921E+03
 0.0180   0.2989E+04   0.1340E+04   0.3961E+03   0.3122E+03   0.1375E+04   0.9688E+03   0.7420E+03   0.6523E+03
 0.0225   0.3192E+04   0.1419E+04   0.4247E+03   0.3202E+03   0.1422E+04   0.1039E+04   0.8119E+03   0.7022E+03
 0.0270   0.3280E+04   0.1475E+04   0.4513E+03   0.3295E+03   0.1454E+04   0.1063E+04   0.8753E+03   0.7476E+03
 0.0315   0.3263E+04   0.1506E+04   0.4757E+03   0.3395E+03   0.1496E+04   0.1088E+04   0.9620E+03   0.7901E+03
 0.0360   0.3104E+04   0.1412E+04   0.4980E+03   0.3501E+03   0.1527E+04   0.1123E+04   0.1006E+04   0.8370E+03
 0.0405   0.3270E+04   0.1451E+04   0.5187E+03   0.3609E+03   0.1548E+04   0.1149E+04   0.1018E+04   0.8783E+03
 0.0450   0.3332E+04   0.1472E+04   0.5376E+03   0.3716E+03   0.1564E+04   0.1174E+04   0.1029E+04   0.9418E+03
 0.0495   0.3294E+04   0.1481E+04   0.5548E+03   0.3823E+03   0.1589E+04   0.1201E+04   0.1047E+04   0.9683E+03
 0.0540   0.3117E+04   0.1358E+04   0.5698E+03   0.3928E+03   0.1593E+04   0.1228E+04   0.1070E+04   0.9818E+03
 0.0585   0.3277E+04   0.1405E+04   0.5845E+03   0.4031E+03   0.1603E+04   0.1247E+04   0.1089E+04   0.9900E+03
 0.0630   0.3343E+04   0.1445E+04   0.5981E+03   0.4130E+03   0.1610E+04   0.1262E+04   0.1107E+04   0.9990E+03
 0.0675   0.3307E+04   0.1473E+04   0.6108E+03   0.4226E+03   0.1627E+04   0.1275E+04   0.1123E+04   0.1010E+04
 0.0720   0.3154E+04   0.1378E+04   0.6213E+03   0.4319E+03   0.1632E+04   0.1294E+04   0.1143E+04   0.1026E+04
 0.0765   0.3312E+04   0.1432E+04   0.6326E+03   0.4409E+03   0.1637E+04   0.1304E+04   0.1156E+04   0.1037E+04
 0.0810   0.3374E+04   0.1477E+04   0.6432E+03   0.4495E+03   0.1640E+04   0.1312E+04   0.1167E+04   0.1048E+04
 0.0855   0.3334E+04   0.1509E+04   0.6533E+03   0.4579E+03   0.1655E+04   0.1318E+04   0.1177E+04   0.1058E+04
 0.0900   0.3201E+04   0.1430E+04   0.6612E+03   0.4659E+03   0.1662E+04   0.1333E+04   0.1192E+04   0.1073E+04
 0.0945   0.3357E+04   0.1488E+04   0.6705E+03   0.4738E+03   0.1666E+04   0.1339E+04   0.1200E+04   0.1082E+04
 0.0990   0.3417E+04   0.1534E+04   0.6795E+03   0.4813E+03   0.1670E+04   0.1345E+04   0.1208E+04   0.1091E+04
 0.1035   0.3373E+04   0.1565E+04   0.6882E+03   0.4887E+03   0.1689E+04   0.1353E+04   0.1217E+04   0.1101E+04
 0.1080   0.3254E+04   0.1490E+04   0.6951E+03   0.4957E+03   0.1699E+04   0.1371E+04   0.1235E+04   0.1118E+04
 0.1125   0.3396E+04   0.1537E+04   0.7036E+03   0.5027E+03   0.1699E+04   0.1379E+04   0.1245E+04   0.1126E+04
 0.1170   0.3442E+04   0.1570E+04   0.7118E+03   0.5095E+03   0.1696E+04   0.1382E+04   0.1249E+04   0.1130E+04
 0.1215   0.3386E+04   0.1590E+04   0.7199E+03   0.5162E+03   0.1707E+04   0.1385E+04   0.1252E+04   0.1134E+04
 0.1260   0.3272E+04   0.1519E+04   0.7268E+03   0.5225E+03   0.1710E+04   0.1393E+04   0.1261E+04   0.1147E+04
 0.1305   0.3416E+04   0.1569E+04   0.7353E+03   0.5289E+03   0.1709E+04   0.1398E+04   0.1268E+04   0.1156E+04
 0.1350   0.3464E+04   0.1603E+04   0.7434E+03   0.5352E+03   0.1710E+04   0.1403E+04   0.1276E+04   0.1165E+04
 0.1395   0.3403E+04   0.1619E+04   0.7512E+03   0.5413E+03   0.1723E+04   0.1408E+04   0.1283E+04   0.1172E+04
 0.1440   0.3291E+04   0.1540E+04   0.7578E+03   0.5471E+03   0.1724E+04   0.1417E+04   0.1293E+04   0.1182E+04
 0.1485   0.3426E+04   0.1581E+04   0.7653E+03   0.5530E+03   0.1719E+04   0.1420E+04   0.1297E+04   0.1185E+04
 0.1530   0.3471E+04   0.1613E+04   0.7724E+03   0.5588E+03   0.1720E+04   0.1425E+04   0.1301E+04   0.1189E+04
 0.1575   0.3414E+04   0.1634E+04   0.7792E+03   0.5645E+03   0.1739E+04   0.1434E+04   0.1308E+04   0.1196E+04
 0.1620   0.3319E+04   0.1562E+04   0.7843E+03   0.5697E+03   0.1746E+04   0.1442E+04   0.1318E+04   0.1209E+04
 0.1665   0.3462E+04   0.1611E+04   0.7902E+03   0.5751E+03   0.1751E+04   0.1451E+04   0.1326E+04   0.1216E+04
 0.1710   0.3513E+04   0.1653E+04   0.7962E+03   0.5804E+03   0.1760E+04   0.1459E+04   0.1337E+04   0.1226E+04
 0.1755   0.3458E+04   0.1682E+04   0.8029E+03   0.5856E+03   0.1783E+04   0.1467E+04   0.1348E+04   0.1236E+04
 0.1800   0.3376E+04   0.1612E+04   0.8093E+03   0.5903E+03   0.1791E+04   0.1476E+04   0.1357E+04   0.1246E+04
 0.1845   0.3517E+04   0.1668E+04   0.8179E+03   0.5956E+03   0.1796E+04   0.1481E+04   0.1363E+04   0.1252E+04
 0.1890   0.3556E+04   0.1713E+04   0.8253E+03   0.6008E+03   0.1800E+04   0.1483E+04   0.1367E+04   0.1255E+04
 0.1935   0.3484E+04   0.1742E+04   0.8337E+03   0.6061E+03   0.1818E+04   0.1487E+04   0.1369E+04   0.1257E+04
 0.1980   0.3418E+04   0.1664E+04   0.8411E+03   0.6107E+03   0.1822E+04   0.1495E+04   0.1372E+04   0.1263E+04
 0.2025   0.3549E+04   0.1713E+04   0.8502E+03   0.6159E+03   0.1820E+04   0.1498E+04   0.1377E+04   0.1267E+04
 0.2070   0.3577E+04   0.1743E+04   0.8582E+03   0.6210E+03   0.1822E+04   0.1501E+04   0.1382E+04   0.1273E+04
 0.2115   0.3502E+04   0.1753E+04   0.8630E+03   0.6259E+03   0.1839E+04   0.1508E+04   0.1388E+04   0.1280E+04
 0.2160   0.3426E+04   0.1657E+04   0.8660E+03   0.6300E+03   0.1838E+04   0.1519E+04   0.1397E+04   0.1289E+04
 0.2205   0.3547E+04   0.1693E+04   0.8703E+03   0.6346E+03   0.1834E+04   0.1524E+04   0.1403E+04   0.1294E+04
 0.2250   0.3573E+04   0.1717E+04   0.8752E+03   0.6391E+03   0.1834E+04   0.1528E+04   0.1408E+04   0.1298E+04
 0.2295   0.3494E+04   0.1727E+04   0.8796E+03   0.6433E+03   0.1847E+04   0.1533E+04   0.1411E+04   0.1299E+04
 0.2340   0.3420E+04   0.1646E+04   0.8820E+03   0.6466E+03   0.1841E+04   0.1538E+04   0.1415E+04   0.1305E+04
 0.2385   0.3542E+04   0.1688E+04   0.8866E+03   0.6506E+03   0.1836E+04   0.1540E+04   0.1416E+04   0.1307E+04
 0.2430   0.3574E+04   0.1720E+04   0.8911E+03   0.6546E+03   0.1839E+04   0.1541E+04   0.1417E+04   0.1306E+04
 0.2475   0.3499E+04   0.1738E+04   0.8957E+03   0.6584E+03   0.1856E+04   0.1546E+04   0.1419E+04   0.1306E+04
 0.2520   0.3450E+04   0.1675E+04   0.9014E+03   0.6611E+03   0.1856E+04   0.1551E+04   0.1421E+04   0.1306E+04
 0.2565   0.3572E+04   0.1721E+04   0.9107E+03   0.6650E+03   0.1853E+04   0.1553E+04   0.1423E+04   0.1306E+04
 0.2610   0.3598E+04   0.1748E+04   0.9212E+03   0.6690E+03   0.1857E+04   0.1554E+04   0.1425E+04   0.1308E+04
 0.2655   0.3511E+04   0.1757E+04   0.9366E+03   0.6732E+03   0.1870E+04   0.1555E+04   0.1426E+04   0.1310E+04
 0.2700   0.3457E+04   0.1683E+04   0.9506E+03   0.6766E+03   0.1865E+04   0.1556E+04   0.1424E+04   0.1308E+04
 0.2745   0.3569E+04   0.1719E+04   0.9663E+03   0.6813E+03   0.1857E+04   0.1554E+04   0.1423E+04   0.1308E+04
 0.2790   0.3591E+04   0.1743E+04   0.9804E+03   0.6860E+03   0.1860E+04   0.1552E+04   0.1422E+04   0.1308E+04
 0.2835   0.3503E+04   0.1753E+04   0.9917E+03   0.6906E+03   0.1872E+04   0.1551E+04   0.1421E+04   0.1307E+04
 0.2880   0.3460E+04   0.1680E+04   0.9983E+03   0.6939E+03   0.1866E+04   0.1553E+04   0.1421E+04   0.1307E+04
 0.2925   0.3568E+04   0.1715E+04   0.1004E+04   0.6983E+03   0.1860E+04   0.1553E+04   0.1422E+04   0.1308E+04
 0.2970   0.3587E+04   0.1738E+04   0.1008E+04   0.7025E+03   0.1863E+04   0.1554E+04   0.1423E+04   0.1310E+04
 0.3015   0.3496E+04   0.1747E+04   0.1011E+04   0.7066E+03   0.1877E+04   0.1556E+04   0.1425E+04   0.1312E+04
 0.3060   0.3464E+04   0.1673E+04   0.1010E+04   0.7089E+03   0.1874E+04   0.1561E+04   0.1427E+04   0.1314E+04
 0.3105   0.3573E+04   0.1713E+04   0.1012E+04   0.7126E+03   0.1871E+04   0.1562E+04   0.1429E+04   0.1315E+04
 0.3150   0.3594E+04   0.1741E+04   0.1013E+04   0.7160E+03   0.1878E+04   0.1564E+04   0.1431E+04   0.1316E+04
 0.3195   0.3504E+04   0.1755E+04   0.1014E+04   0.7192E+03   0.1895E+04   0.1567E+04   0.1431E+04   0.1316E+04
 0.3240   0.3485E+04   0.1684E+04   0.1013E+04   0.7206E+03   0.1893E+04   0.1572E+04   0.1433E+04   0.1317E+04
 0.3285   0.3593E+04   0.1726E+04   0.1016E+04   0.7236E+03   0.1890E+04   0.1573E+04   0.1434E+04   0.1318E+04
 0.3330   0.3611E+04   0.1756E+04   0.1019E+04   0.7266E+03   0.1898E+04   0.1574E+04   0.1435E+04   0.1319E+04
 0.3375   0.3517E+04   0.1771E+04   0.1022E+04   0.7295E+03   0.1914E+04   0.1578E+04   0.1437E+04   0.1320E+04
 0.3420   0.3505E+04   0.1699E+04   0.1020E+04   0.7304E+03   0.1910E+04   0.1582E+04   0.1440E+04   0.1324E+04
 0.3465   0.3608E+04   0.1741E+04   0.1022E+04   0.7332E+03   0.1906E+04   0.1584E+04   0.1443E+04   0.1327E+04
 0.3510   0.3622E+04   0.1770E+04   0.1023E+04   0.7360E+03   0.1913E+04   0.1586E+04   0.1445E+04   0.1329E+04
 0.3555   0.3525E+04   0.1784E+04   0.1025E+04   0.7387E+03   0.1929E+04   0.1590E+04   0.1447E+04   0.1331E+04
 0.3600   0.3523E+04   0.1714E+04   0.1020E+04   0.7392E+03   0.1924E+04   0.1594E+04   0.1451E+04   0.1335E+04
 0.3645   0.3626E+04   0.1758E+04   0.1022E+04   0.7418E+03   0.1921E+04   0.1595E+04   0.1453E+04   0.1336E+04
 0.3690   0.3637E+04   0.1789E+04   0.1024E+04   0.7444E+03   0.1928E+04   0.1596E+04   0.1454E+04   0.1337E+04
 0.3735   0.3537E+04   0.1803E+04   0.1028E+04   0.7470E+03   0.1944E+04   0.1598E+04   0.1454E+04   0.1338E+04
 0.3780   0.3548E+04   0.1738E+04   0.1025E+04   0.7472E+03   0.1938E+04   0.1601E+04   0.1458E+04   0.1343E+04
 0.3825   0.3648E+04   0.1783E+04   0.1029E+04   0.7500E+03   0.1935E+04   0.1602E+04   0.1459E+04   0.1344E+04
 0.3870   0.3655E+04   0.1814E+04   0.1033E+04   0.7528E+03   0.1942E+04   0.1603E+04   0.1460E+04   0.1346E+04
 0.3915   0.3553E+04   0.1829E+04   0.1037E+04   0.7555E+03   0.1959E+04   0.1606E+04   0.1461E+04   0.1346E+04
 0.3960   0.3573E+04   0.1768E+04   0.1032E+04   0.7558E+03   0.1952E+04   0.1610E+04   0.1467E+04   0.1353E+04
 0.4005   0.3669E+04   0.1812E+04   0.1037E+04   0.7587E+03   0.1949E+04   0.1612E+04   0.1469E+04   0.1355E+04
 0.4050   0.3671E+04   0.1842E+04   0.1043E+04   0.7617E+03   0.1955E+04   0.1612E+04   0.1469E+04   0.1354E+04
 0.4095   0.3561E+04   0.1851E+04   0.1050E+04   0.7647E+03   0.1968E+04   0.1612E+04   0.1466E+04   0.1350E+04
 0.4140   0.3582E+04   0.1784E+04   0.1048E+04   0.7649E+03   0.1948E+04   0.1605E+04   0.1461E+04   0.1345E+04
 0.4185   0.3658E+04   0.1810E+04   0.1062E+04   0.7683E+03   0.1930E+04   0.1601E+04   0.1458E+04   0.1342E+04
 0.4230   0.3635E+04   0.1810E+04   0.1077E+04   0.7720E+03   0.1925E+04   0.1601E+04   0.1462E+04   0.1345E+04
 0.4275   0.3504E+04   0.1793E+04   0.1090E+04   0.7762E+03   0.1930E+04   0.1606E+04   0.1470E+04   0.1353E+04
 0.4320   0.3520E+04   0.1714E+04   0.1087E+04   0.7776E+03   0.1908E+04   0.1602E+04   0.1470E+04   0.1357E+04
 0.4365   0.3600E+04   0.1744E+04   0.1088E+04   0.7824E+03   0.1902E+04   0.1608E+04   0.1480E+04   0.1366E+04
 0.4410   0.3593E+04   0.1763E+04   0.1086E+04   0.7872E+03   0.1912E+04   0.1615E+04   0.1488E+04   0.1374E+04
 0.4455   0.3478E+04   0.1768E+04   0.1083E+04   0.7917E+03   0.1928E+04   0.1622E+04   0.1496E+04   0.1381E+04
 0.4500   0.3515E+04   0.1705E+04   0.1075E+04   0.7925E+03   0.1916E+04   0.1622E+04   0.1495E+04   0.1383E+04
 0.4545   0.3599E+04   0.1741E+04   0.1074E+04   0.7964E+03   0.1914E+04   0.1627E+04   0.1502E+04   0.1389E+04
 0.4590   0.3593E+04   0.1763E+04   0.1074E+04   0.7998E+03   0.1925E+04   0.1632E+04   0.1508E+04   0.1394E+04
 0.4635   0.3476E+04   0.1770E+04   0.1074E+04   0.8028E+03   0.1941E+04   0.1639E+04   0.1514E+04   0.1399E+04
 0.4680   0.3521E+04   0.1703E+04   0.1071E+04   0.8023E+03   0.1927E+04   0.1638E+04   0.1512E+04   0.1399E+04
 0.4725   0.3604E+04   0.1740E+04   0.1073E+04   0.8050E+03   0.1925E+04   0.1642E+04   0.1517E+04   0.1403E+04
 0.4770   0.3596E+04   0.1764E+04   0.1076E+04   0.8074E+03   0.1937E+04   0.1647E+04   0.1521E+04   0.1407E+04
 0.4815   0.3479E+04   0.1773E+04   0.1078E+04   0.8097E+03   0.1954E+04   0.1653E+04   0.1525E+04   0.1410E+04
 0.4860   0.3537E+04   0.1711E+04   0.1076E+04   0.8088E+03   0.1938E+04   0.1649E+04   0.1522E+04   0.1409E+04
 0.4905   0.3620E+04   0.1753E+04   0.1080E+04   0.8112E+03   0.1938E+04   0.1652E+04   0.1525E+04   0.1411E+04
 0.4950   0.3611E+04   0.1780E+04   0.1084E+04   0.8134E+03   0.1952E+04   0.1657E+04   0.1528E+04   0.1413E+04
 0.4995   0.3492E+04   0.1791E+04   0.1088E+04   0.8157E+03   0.1971E+04   0.1662E+04   0.1531E+04   0.1414E+04
 0.5040   0.3563E+04   0.1734E+04   0.1086E+04   0.8148E+03   0.1953E+04   0.1655E+04   0.1525E+04   0.1413E+04
 0.5085   0.3643E+04   0.1777E+04   0.1091E+04   0.8172E+03   0.1954E+04   0.1658E+04   0.1527E+04   0.1413E+04
 0.5130   0.3630E+04   0.1803E+04   0.1095E+04   0.8197E+03   0.1967E+04   0.1660E+04   0.1528E+04   0.1413E+04
 0.5175   0.3507E+04   0.1812E+04   0.1100E+04   0.8221E+03   0.1985E+04   0.1663E+04   0.1529E+04   0.1413E+04
 0.5220   0.3587E+04   0.1756E+04   0.1096E+04   0.8211E+03   0.1965E+04   0.1655E+04   0.1523E+04   0.1412E+04
 0.5265   0.3662E+04   0.1795E+04   0.1100E+04   0.8237E+03   0.1964E+04   0.1656E+04   0.1524E+04   0.1412E+04
 0.5310   0.3642E+04   0.1819E+04   0.1104E+04   0.8264E+03   0.1976E+04   0.1657E+04   0.1525E+04   0.1412E+04
 0.5355   0.3514E+04   0.1827E+04   0.1108E+04   0.8290E+03   0.1993E+04   0.1659E+04   0.1524E+04   0.1412E+04
 0.5400   0.3607E+04   0.1771E+04   0.1103E+04   0.8276E+03   0.1973E+04   0.1652E+04   0.1520E+04   0.1411E+04
 0.5445   0.3676E+04   0.1811E+04   0.1106E+04   0.8304E+03   0.1970E+04   0.1651E+04   0.1519E+04   0.1410E+04
 0.5490   0.3651E+04   0.1835E+04   0.1110E+04   0.8332E+03   0.1980E+04   0.1650E+04   0.1518E+04   0.1409E+04
 0.5535   0.3516E+04   0.1843E+04   0.1114E+04   0.8360E+03   0.1994E+04   0.1650E+04   0.1516E+04   0.1408E+04
 0.5580   0.3628E+04   0.1794E+04   0.1106E+04   0.8341E+03   0.1976E+04   0.1645E+04   0.1513E+04   0.1407E+04
 0.5625   0.3693E+04   0.1836E+04   0.1110E+04   0.8368E+03   0.1973E+04   0.1642E+04   0.1511E+04   0.1406E+04
 0.5670   0.3661E+04   0.1862E+04   0.1114E+04   0.8396E+03   0.1981E+04   0.1639E+04   0.1509E+04   0.1404E+04
 0.5715   0.3493E+04   0.1775E+04   0.1105E+04   0.8370E+03   0.1980E+04   0.1635E+04   0.1505E+04   0.1403E+04
 0.5760   0.3657E+04   0.1835E+04   0.1110E+04   0.8398E+03   0.1978E+04   0.1632E+04   0.1502E+04   0.1400E+04
 0.5805   0.3711E+04   0.1877E+04   0.1115E+04   0.8426E+03   0.1968E+04   0.1626E+04   0.1499E+04   0.1397E+04
 0.5850   0.3659E+04   0.1896E+04   0.1120E+04   0.8454E+03   0.1971E+04   0.1622E+04   0.1495E+04   0.1394E+04
 0.5895   0.3520E+04   0.1816E+04   0.1105E+04   0.8425E+03   0.1976E+04   0.1621E+04   0.1493E+04   0.1394E+04
 0.5940   0.3674E+04   0.1869E+04   0.1109E+04   0.8454E+03   0.1969E+04   0.1617E+04   0.1491E+04   0.1392E+04
 0.5985   0.3716E+04   0.1901E+04   0.1113E+04   0.8483E+03   0.1956E+04   0.1613E+04   0.1489E+04   0.1392E+04
 0.6030   0.3658E+04   0.1908E+04   0.1118E+04   0.8512E+03   0.1962E+04   0.1613E+04   0.1488E+04   0.1391E+04
 0.6075   0.3533E+04   0.1831E+04   0.1100E+04   0.8478E+03   0.1973E+04   0.1617E+04   0.1491E+04   0.1395E+04
 0.6120   0.3682E+04   0.1877E+04   0.1106E+04   0.8508E+03   0.1967E+04   0.1616E+04   0.1492E+04   0.1396E+04
 0.6165   0.3719E+04   0.1903E+04   0.1114E+04   0.8536E+03   0.1954E+04   0.1614E+04   0.1492E+04   0.1396E+04
 0.6210   0.3661E+04   0.1908E+04   0.1123E+04   0.8566E+03   0.1961E+04   0.1616E+04   0.1493E+04   0.1397E+04
 0.6255   0.3538E+04   0.1827E+04   0.1110E+04   0.8532E+03   0.1974E+04   0.1624E+04   0.1499E+04   0.1402E+04
 0.6300   0.3683E+04   0.1871E+04   0.1120E+04   0.8566E+03   0.1967E+04   0.1623E+04   0.1500E+04   0.1403E+04
 0.6345   0.3717E+04   0.1896E+04   0.1130E+04   0.8598E+03   0.1954E+04   0.1621E+04   0.1500E+04   0.1404E+04
 0.6390   0.3655E+04   0.1900E+04   0.1140E+04   0.8631E+03   0.1961E+04   0.1623E+04   0.1501E+04   0.1404E+04
 0.6435   0.3542E+04   0.1828E+04   0.1128E+04   0.8607E+03   0.1976E+04   0.1632E+04   0.1506E+04   0.1407E+04
 0.6480   0.3684E+04   0.1873E+04   0.1138E+04   0.8646E+03   0.1969E+04   0.1631E+04   0.1506E+04   0.1407E+04
 0.6525   0.3714E+04   0.1896E+04   0.1146E+04   0.8686E+03   0.1957E+04   0.1629E+04   0.1506E+04   0.1407E+04
 0.6570   0.3648E+04   0.1897E+04   0.1154E+04   0.8725E+03   0.1966E+04   0.1631E+04   0.1506E+04   0.1406E+04
 0.6615   0.3551E+04   0.1833E+04   0.1143E+04   0.8698E+03   0.1982E+04   0.1636E+04   0.1505E+04   0.1404E+04
 0.6660   0.3690E+04   0.1874E+04   0.1149E+04   0.8733E+03   0.1973E+04   0.1628E+04   0.1498E+04   0.1397E+04
 0.6705   0.3716E+04   0.1896E+04   0.1154E+04   0.8766E+03   0.1953E+04   0.1615E+04   0.1488E+04   0.1389E+04
 0.6750   0.3638E+04   0.1893E+04   0.1159E+04   0.8796E+03   0.1947E+04   0.1603E+04   0.1477E+04   0.1381E+04
 0.6795   0.3534E+04   0.1828E+04   0.1150E+04   0.8764E+03   0.1943E+04   0.1597E+04   0.1475E+04   0.1385E+04
 0.6840   0.3646E+04   0.1850E+04   0.1154E+04   0.8796E+03   0.1916E+04   0.1587E+04   0.1473E+04   0.1387E+04
 0.6885   0.3649E+04   0.1842E+04   0.1156E+04   0.8830E+03   0.1891E+04   0.1582E+04   0.1474E+04   0.1390E+04
 0.6930   0.3565E+04   0.1817E+04   0.1154E+04   0.8868E+03   0.1897E+04   0.1584E+04   0.1476E+04   0.1394E+04
 0.6975   0.3486E+04   0.1782E+04   0.1139E+04   0.8837E+03   0.1909E+04   0.1590E+04   0.1483E+04   0.1404E+04
 0.7020   0.3615E+04   0.1810E+04   0.1136E+04   0.8881E+03   0.1904E+04   0.1593E+04   0.1487E+04   0.1407E+04
 0.7065   0.3638E+04   0.1822E+04   0.1132E+04   0.8931E+03   0.1897E+04   0.1595E+04   0.1491E+04   0.1411E+04
 0.7110   0.3566E+04   0.1816E+04   0.1129E+04   0.8986E+03   0.1912E+04   0.1602E+04   0.1496E+04   0.1413E+04
 0.7155   0.3500E+04   0.1778E+04   0.1120E+04   0.8937E+03   0.1927E+04   0.1609E+04   0.1503E+04   0.1424E+04
 0.7200   0.3632E+04   0.1815E+04   0.1120E+04   0.8985E+03   0.1925E+04   0.1613E+04   0.1508E+04   0.1427E+04
 0.7245   0.3655E+04   0.1833E+04   0.1122E+04   0.9031E+03   0.1919E+04   0.1615E+04   0.1512E+04   0.1430E+04
 0.7290   0.3579E+04   0.1830E+04   0.1124E+04   0.9072E+03   0.1932E+04   0.1621E+04   0.1516E+04   0.1433E+04
 0.7335   0.3522E+04   0.1777E+04   0.1118E+04   0.9009E+03   0.1947E+04   0.1629E+04   0.1527E+04   0.1446E+04
 0.7380   0.3649E+04   0.1815E+04   0.1122E+04   0.9046E+03   0.1942E+04   0.1631E+04   0.1530E+04   0.1449E+04
 0.7425   0.3666E+04   0.1835E+04   0.1126E+04   0.9083E+03   0.1934E+04   0.1632E+04   0.1533E+04   0.1452E+04
 0.7470   0.3584E+04   0.1836E+04   0.1130E+04   0.9121E+03   0.1943E+04   0.1636E+04   0.1536E+04   0.1454E+04
 0.7515   0.3535E+04   0.1777E+04   0.1126E+04   0.9066E+03   0.1957E+04   0.1644E+04   0.1546E+04   0.1467E+04
 0.7560   0.3659E+04   0.1817E+04   0.1130E+04   0.9110E+03   0.1951E+04   0.1644E+04   0.1548E+04   0.1469E+04
 0.7605   0.3673E+04   0.1840E+04   0.1135E+04   0.9159E+03   0.1943E+04   0.1644E+04   0.1550E+04   0.1470E+04
 0.7650   0.3587E+04   0.1842E+04   0.1139E+04   0.9213E+03   0.1952E+04   0.1647E+04   0.1552E+04   0.1471E+04
 0.7695   0.3548E+04   0.1783E+04   0.1135E+04   0.9161E+03   0.1965E+04   0.1653E+04   0.1559E+04   0.1481E+04
 0.7740   0.3667E+04   0.1823E+04   0.1139E+04   0.9221E+03   0.1958E+04   0.1652E+04   0.1560E+04   0.1481E+04
 0.7785   0.3678E+04   0.1844E+04   0.1142E+04   0.9296E+03   0.1949E+04   0.1651E+04   0.1560E+04   0.1481E+04
 0.7830   0.3588E+04   0.1845E+04   0.1145E+04   0.9372E+03   0.1958E+04   0.1653E+04   0.1561E+04   0.1481E+04
 0.7875   0.3556E+04   0.1785E+04   0.1142E+04   0.9317E+03   0.1969E+04   0.1656E+04   0.1566E+04   0.1489E+04
 0.7920   0.3672E+04   0.1824E+04   0.1145E+04   0.9397E+03   0.1962E+04   0.1655E+04   0.1565E+04   0.1488E+04
 0.7965   0.3680E+04   0.1845E+04   0.1148E+04   0.9482E+03   0.1953E+04   0.1653E+04   0.1564E+04   0.1487E+04
 0.8010   0.3586E+04   0.1847E+04   0.1150E+04   0.9570E+03   0.1962E+04   0.1654E+04   0.1563E+04   0.1485E+04
 0.8055   0.3563E+04   0.1787E+04   0.1147E+04   0.9510E+03   0.1971E+04   0.1655E+04   0.1564E+04   0.1490E+04
 0.8100   0.3676E+04   0.1826E+04   0.1150E+04   0.9594E+03   0.1963E+04   0.1653E+04   0.1563E+04   0.1488E+04
 0.8145   0.3680E+04   0.1846E+04   0.1152E+04   0.9671E+03   0.1953E+04   0.1650E+04   0.1561E+04   0.1487E+04
 0.8190   0.3582E+04   0.1847E+04   0.1154E+04   0.9742E+03   0.1961E+04   0.1651E+04   0.1559E+04   0.1485E+04
 0.8235   0.3569E+04   0.1789E+04   0.1150E+04   0.9677E+03   0.1970E+04   0.1651E+04   0.1559E+04   0.1489E+04
 0.8280   0.3678E+04   0.1827E+04   0.1152E+04   0.9738E+03   0.1961E+04   0.1649E+04   0.1557E+04   0.1486E+04
 0.8325   0.3679E+04   0.1847E+04   0.1153E+04   0.9792E+03   0.1952E+04   0.1646E+04   0.1555E+04   0.1484E+04
 0.8370   0.3577E+04   0.1846E+04   0.1154E+04   0.9838E+03   0.1960E+04   0.1647E+04   0.1554E+04   0.1481E+04
 0.8415   0.3574E+04   0.1792E+04   0.1149E+04   0.9754E+03   0.1967E+04   0.1647E+04   0.1552E+04   0.1483E+04
 0.8460   0.3680E+04   0.1830E+04   0.1150E+04   0.9789E+03   0.1958E+04   0.1644E+04   0.1550E+04   0.1480E+04
 0.8505   0.3678E+04   0.1849E+04   0.1151E+04   0.9815E+03   0.1950E+04   0.1641E+04   0.1548E+04   0.1477E+04
 0.8550   0.3573E+04   0.1848E+04   0.1152E+04   0.9833E+03   0.1959E+04   0.1643E+04   0.1547E+04   0.1474E+04
 0.8595   0.3581E+04   0.1797E+04   0.1146E+04   0.9730E+03   0.1967E+04   0.1643E+04   0.1545E+04   0.1475E+04
 0.8640   0.3683E+04   0.1833E+04   0.1147E+04   0.9741E+03   0.1958E+04   0.1641E+04   0.1543E+04   0.1472E+04
 0.8685   0.3679E+04   0.1850E+04   0.1148E+04   0.9749E+03   0.1949E+04   0.1638E+04   0.1541E+04   0.1469E+04
 0.8730   0.3571E+04   0.1850E+04   0.1149E+04   0.9754E+03   0.1958E+04   0.1640E+04   0.1540E+04   0.1467E+04
 0.8775   0.3588E+04   0.1802E+04   0.1143E+04   0.9653E+03   0.1966E+04   0.1640E+04   0.1539E+04   0.1468E+04
 0.8820   0.3687E+04   0.1838E+04   0.1144E+04   0.9658E+03   0.1957E+04   0.1638E+04   0.1537E+04   0.1465E+04
 0.8865   0.3679E+04   0.1855E+04   0.1145E+04   0.9662E+03   0.1949E+04   0.1635E+04   0.1536E+04   0.1463E+04
 0.8910   0.3568E+04   0.1853E+04   0.1147E+04   0.9667E+03   0.1958E+04   0.1637E+04   0.1534E+04   0.1461E+04
 0.8955   0.3594E+04   0.1804E+04   0.1141E+04   0.9577E+03   0.1965E+04   0.1637E+04   0.1533E+04   0.1461E+04
 0.9000   0.3688E+04   0.1838E+04   0.1142E+04   0.9588E+03   0.1955E+04   0.1634E+04   0.1532E+04   0.1460E+04
 0.9045   0.3678E+04   0.1855E+04   0.1143E+04   0.9600E+03   0.1948E+04   0.1632E+04   0.1530E+04   0.1459E+04
 0.9090   0.3563E+04   0.1852E+04   0.1144E+04   0.9614E+03   0.1957E+04   0.1634E+04   0.1530E+04   0.1458E+04
 0.9135   0.3598E+04   0.1804E+04   0.1139E+04   0.9539E+03   0.1964E+04   0.1635E+04   0.1530E+04   0.1460E+04
 0.9180   0.3690E+04   0.1839E+04   0.1140E+04   0.9558E+03   0.1954E+04   0.1633E+04   0.1530E+04   0.1460E+04
 0.9225   0.3678E+04   0.1857E+04   0.1141E+04   0.9579E+03   0.1949E+04   0.1631E+04   0.1530E+04   0.1460E+04
 0.9270   0.3561E+04   0.1854E+04   0.1142E+04   0.9601E+03   0.1959E+04   0.1635E+04   0.1531E+04   0.1460E+04
 0.9315   0.3606E+04   0.1808E+04   0.1137E+04   0.9534E+03   0.1966E+04   0.1636E+04   0.1532E+04   0.1463E+04
 0.9360   0.3696E+04   0.1844E+04   0.1138E+04   0.9559E+03   0.1957E+04   0.1635E+04   0.1533E+04   0.1463E+04
 0.9405   0.3680E+04   0.1860E+04   0.1140E+04   0.9586E+03   0.1953E+04   0.1635E+04   0.1535E+04   0.1464E+04
 0.9450   0.3562E+04   0.1857E+04   0.1142E+04   0.9614E+03   0.1964E+04   0.1639E+04   0.1536E+04   0.1464E+04
 0.9495   0.3616E+04   0.1814E+04   0.1136E+04   0.9552E+03   0.1971E+04   0.1641E+04   0.1538E+04   0.1467E+04
 0.9540   0.3702E+04   0.1850E+04   0.1138E+04   0.9583E+03   0.1962E+04   0.1640E+04   0.1539E+04   0.1468E+04
 0.9585   0.3684E+04   0.1866E+04   0.1140E+04   0.9613E+03   0.1959E+04   0.1640E+04   0.1540E+04   0.1469E+04
 0.9630   0.3562E+04   0.1862E+04   0.1142E+04   0.9645E+03   0.1970E+04   0.1644E+04   0.1542E+04   0.1469E+04
 0.9675   0.3626E+04   0.1821E+04   0.1137E+04   0.9587E+03   0.1975E+04   0.1645E+04   0.1543E+04   0.1472E+04
 0.9720   0.3708E+04   0.1854E+04   0.1139E+04   0.9619E+03   0.1966E+04   0.1644E+04   0.1544E+04   0.1473E+04
 0.9765   0.3686E+04   0.1869E+04   0.1141E+04   0.9651E+03   0.1963E+04   0.1645E+04   0.1546E+04   0.1474E+04
 0.9810   0.3561E+04   0.1865E+04   0.1142E+04   0.9683E+03   0.1974E+04   0.1648E+04   0.1547E+04   0.1474E+04
 0.9855   0.3632E+04   0.1824E+04   0.1137E+04   0.9624E+03   0.1978E+04   0.1649E+04   0.1548E+04   0.1477E+04
 0.9900   0.3711E+04   0.1857E+04   0.1139E+04   0.9656E+03   0.1968E+04   0.1648E+04   0.1549E+04   0.1478E+04
 0.9945   0.3687E+04   0.1871E+04   0.1141E+04   0.9687E+03   0.1966E+04   0.1648E+04   0.1550E+04   0.1478E+04
 0.9990   0.3558E+04   0.1866E+04   0.1143E+04   0.9716E+03   0.1976E+04   0.1651E+04   0.1551E+04   0.1478E+04
 1.0035   0.3638E+04   0.1826E+04   0.1138E+04   0.9655E+03   0.1980E+04   0.1652E+04   0.1552E+04   0.1479E+04
 1.0080   0.3713E+04   0.1856E+04   0.1140E+04   0.9684E+03   0.1971E+04   0.1651E+04   0.1552E+04   0.1479E+04
 1.0125   0.3686E+04   0.1870E+04   0.1142E+04   0.9712E+03   0.1969E+04   0.1650E+04   0.1551E+04   0.1478E+04
 1.0170   0.3555E+04   0.1866E+04   0.1144E+04   0.9739E+03   0.1979E+04   0.1653E+04   0.1551E+04   0.1477E+04
 1.0215   0.3642E+04   0.1825E+04   0.1138E+04   0.9679E+03   0.1982E+04   0.1653E+04   0.1551E+04   0.1478E+04
 1.0260   0.3714E+04   0.1856E+04   0.1140E+04   0.9706E+03   0.1972E+04   0.1651E+04   0.1550E+04   0.1477E+04
 1.0305   0.3685E+04   0.1870E+04   0.1142E+04   0.9732E+03   0.1971E+04   0.1650E+04   0.1549E+04   0.1476E+04
 1.0350   0.3551E+04   0.1865E+04   0.1143E+04   0.9757E+03   0.1981E+04   0.1652E+04   0.1548E+04   0.1474E+04
 1.0395   0.3646E+04   0.1826E+04   0.1137E+04   0.9697E+03   0.1982E+04   0.1652E+04   0.1547E+04   0.1474E+04
 1.0440   0.3715E+04   0.1857E+04   0.1139E+04   0.9722E+03   0.1973E+04   0.1649E+04   0.1546E+04   0.1473E+04
 1.0485   0.3684E+04   0.1870E+04   0.1141E+04   0.9746E+03   0.1973E+04   0.1648E+04   0.1545E+04   0.1472E+04
 1.0530   0.3547E+04   0.1864E+04   0.1142E+04   0.9769E+03   0.1983E+04   0.1650E+04   0.1545E+04   0.1470E+04
 1.0575   0.3648E+04   0.1822E+04   0.1136E+04   0.9709E+03   0.1983E+04   0.1650E+04   0.1544E+04   0.1471E+04
 1.0620   0.3713E+04   0.1853E+04   0.1138E+04   0.9734E+03   0.1973E+04   0.1647E+04   0.1543E+04   0.1470E+04
 1.0665   0.3681E+04   0.1867E+04   0.1139E+04   0.9759E+03   0.1974E+04   0.1646E+04   0.1542E+04   0.1469E+04
 1.0710   0.3542E+04   0.1861E+04   0.1141E+04   0.9783E+03   0.1984E+04   0.1649E+04   0.1542E+04   0.1468E+04
 1.0755   0.3651E+04   0.1820E+04   0.1134E+04   0.9725E+03   0.1983E+04   0.1649E+04   0.1543E+04   0.1470E+04
 1.0800   0.3713E+04   0.1851E+04   0.1135E+04   0.9752E+03   0.1974E+04   0.1647E+04   0.1542E+04   0.1470E+04
 1.0845   0.3679E+04   0.1865E+04   0.1137E+04   0.9778E+03   0.1976E+04   0.1647E+04   0.1542E+04   0.1469E+04
 1.0890   0.3538E+04   0.1859E+04   0.1138E+04   0.9804E+03   0.1987E+04   0.1650E+04   0.1542E+04   0.1469E+04
 1.0935   0.3653E+04   0.1818E+04   0.1132E+04   0.9748E+03   0.1985E+04   0.1651E+04   0.1544E+04   0.1471E+04
 1.0980   0.3712E+04   0.1848E+04   0.1133E+04   0.9774E+03   0.1976E+04   0.1649E+04   0.1543E+04   0.1471E+04
 1.1025   0.3676E+04   0.1860E+04   0.1135E+04   0.9800E+03   0.1979E+04   0.1649E+04   0.1543E+04   0.1471E+04
 1.1070   0.3533E+04   0.1855E+04   0.1137E+04   0.9827E+03   0.1990E+04   0.1652E+04   0.1544E+04   0.1470E+04
 1.1115   0.3652E+04   0.1809E+04   0.1129E+04   0.9773E+03   0.1986E+04   0.1653E+04   0.1545E+04   0.1473E+04
 1.1160   0.3709E+04   0.1841E+04   0.1130E+04   0.9801E+03   0.1977E+04   0.1651E+04   0.1545E+04   0.1472E+04
 1.1205   0.3671E+04   0.1855E+04   0.1131E+04   0.9830E+03   0.1981E+04   0.1651E+04   0.1544E+04   0.1472E+04
 1.1250   0.3526E+04   0.1850E+04   0.1132E+04   0.9860E+03   0.1991E+04   0.1653E+04   0.1545E+04   0.1471E+04
 1.1295   0.3654E+04   0.1808E+04   0.1123E+04   0.9805E+03   0.1986E+04   0.1655E+04   0.1546E+04   0.1474E+04
 1.1340   0.3708E+04   0.1839E+04   0.1125E+04   0.9835E+03   0.1977E+04   0.1652E+04   0.1546E+04   0.1474E+04
 1.1385   0.3666E+04   0.1852E+04   0.1126E+04   0.9864E+03   0.1981E+04   0.1651E+04   0.1546E+04   0.1474E+04
 1.1430   0.3503E+04   0.1763E+04   0.1117E+04   0.9803E+03   0.1989E+04   0.1656E+04   0.1548E+04   0.1476E+04
 1.1475   0.3657E+04   0.1807E+04   0.1119E+04   0.9833E+03   0.1985E+04   0.1655E+04   0.1548E+04   0.1476E+04
 1.1520   0.3706E+04   0.1836E+04   0.1120E+04   0.9861E+03   0.1977E+04   0.1653E+04   0.1547E+04   0.1475E+04
 1.1565   0.3660E+04   0.1848E+04   0.1122E+04   0.9886E+03   0.1981E+04   0.1652E+04   0.1546E+04   0.1474E+04
 1.1610   0.3507E+04   0.1759E+04   0.1112E+04   0.9813E+03   0.1989E+04   0.1657E+04   0.1549E+04   0.1477E+04
 1.1655   0.3657E+04   0.1803E+04   0.1114E+04   0.9836E+03   0.1985E+04   0.1656E+04   0.1548E+04   0.1476E+04
 1.1700   0.3704E+04   0.1831E+04   0.1116E+04   0.9859E+03   0.1976E+04   0.1654E+04   0.1548E+04   0.1476E+04
 1.1745   0.3655E+04   0.1843E+04   0.1118E+04   0.9881E+03   0.1981E+04   0.1653E+04   0.1547E+04   0.1475E+04
 1.1790   0.3512E+04   0.1757E+04   0.1106E+04   0.9803E+03   0.1988E+04   0.1658E+04   0.1549E+04   0.1478E+04
 1.1835   0.3660E+04   0.1803E+04   0.1108E+04   0.9828E+03   0.1984E+04   0.1657E+04   0.1549E+04   0.1477E+04
 1.1880   0.3704E+04   0.1832E+04   0.1109E+04   0.9852E+03   0.1976E+04   0.1655E+04   0.1548E+04   0.1476E+04
 1.1925   0.3651E+04   0.1844E+04   0.1111E+04   0.9874E+03   0.1981E+04   0.1654E+04   0.1547E+04   0.1475E+04
 1.1970   0.3520E+04   0.1762E+04   0.1099E+04   0.9779E+03   0.1988E+04   0.1658E+04   0.1550E+04   0.1478E+04
 1.2015   0.3664E+04   0.1806E+04   0.1101E+04   0.9805E+03   0.1984E+04   0.1657E+04   0.1549E+04   0.1477E+04
 1.2060   0.3704E+04   0.1834E+04   0.1103E+04   0.9830E+03   0.1976E+04   0.1655E+04   0.1548E+04   0.1476E+04
 1.2105   0.3647E+04   0.1844E+04   0.1106E+04   0.9853E+03   0.1982E+04   0.1654E+04   0.1547E+04   0.1475E+04
 1.2150   0.3527E+04   0.1765E+04   0.1094E+04   0.9748E+03   0.1989E+04   0.1659E+04   0.1550E+04   0.1478E+04
 1.2195   0.3667E+04   0.1807E+04   0.1096E+04   0.9772E+03   0.1984E+04   0.1658E+04   0.1549E+04   0.1477E+04
 1.2240   0.3704E+04   0.1834E+04   0.1099E+04   0.9795E+03   0.1976E+04   0.1655E+04   0.1549E+04   0.1477E+04
 1.2285   0.3643E+04   0.1844E+04   0.1102E+04   0.9818E+03   0.1982E+04   0.1655E+04   0.1548E+04   0.1476E+04
 1.2330   0.3532E+04   0.1765E+04   0.1090E+04   0.9705E+03   0.1989E+04   0.1660E+04   0.1550E+04   0.1478E+04
 1.2375   0.3669E+04   0.1806E+04   0.1093E+04   0.9731E+03   0.1984E+04   0.1658E+04   0.1550E+04   0.1477E+04
 1.2420   0.3703E+04   0.1832E+04   0.1095E+04   0.9756E+03   0.1976E+04   0.1656E+04   0.1549E+04   0.1477E+04
 1.2465   0.3639E+04   0.1843E+04   0.1097E+04   0.9781E+03   0.1982E+04   0.1655E+04   0.1548E+04   0.1475E+04
 1.2510   0.3538E+04   0.1768E+04   0.1084E+04   0.9662E+03   0.1988E+04   0.1660E+04   0.1551E+04   0.1478E+04
 1.2555   0.3673E+04   0.1811E+04   0.1087E+04   0.9687E+03   0.1983E+04   0.1658E+04   0.1550E+04   0.1477E+04
 1.2600   0.3704E+04   0.1838E+04   0.1089E+04   0.9710E+03   0.1975E+04   0.1655E+04   0.1549E+04   0.1477E+04
 1.2645   0.3635E+04   0.1847E+04   0.1091E+04   0.9733E+03   0.1981E+04   0.1655E+04   0.1547E+04   0.1476E+04
 1.2690   0.3546E+04   0.1776E+04   0.1081E+04   0.9599E+03   0.1988E+04   0.1660E+04   0.1551E+04   0.1479E+04
 1.2735   0.3677E+04   0.1817E+04   0.1084E+04   0.9623E+03   0.1982E+04   0.1658E+04   0.1550E+04   0.1478E+04
 1.2780   0.3704E+04   0.1841E+04   0.1087E+04   0.9646E+03   0.1974E+04   0.1655E+04   0.1549E+04   0.1477E+04
 1.2825   0.3631E+04   0.1848E+04   0.1089E+04   0.9670E+03   0.1980E+04   0.1655E+04   0.1548E+04   0.1476E+04
 1.2870   0.3551E+04   0.1778E+04   0.1079E+04   0.9527E+03   0.1987E+04   0.1660E+04   0.1551E+04   0.1480E+04
 1.2915   0.3678E+04   0.1816E+04   0.1082E+04   0.9553E+03   0.1981E+04   0.1658E+04   0.1550E+04   0.1478E+04
 1.2960   0.3702E+04   0.1840E+04   0.1085E+04   0.9583E+03   0.1973E+04   0.1655E+04   0.1549E+04   0.1477E+04
 1.3005   0.3639E+04   0.1847E+04   0.1087E+04   0.9610E+03   0.1979E+04   0.1654E+04   0.1547E+04   0.1475E+04
 1.3050   0.3641E+04   0.1851E+04   0.1088E+04   0.9637E+03   0.1980E+04   0.1653E+04   0.1545E+04   0.1473E+04
 1.3095   0.3641E+04   0.1855E+04   0.1091E+04   0.9664E+03   0.1979E+04   0.1651E+04   0.1543E+04   0.1472E+04
 1.3140   0.3641E+04   0.1861E+04   0.1094E+04   0.9695E+03   0.1977E+04   0.1647E+04   0.1539E+04   0.1468E+04
 1.3185   0.3638E+04   0.1865E+04   0.1101E+04   0.9735E+03   0.1971E+04   0.1641E+04   0.1532E+04   0.1462E+04
 1.3230   0.3628E+04   0.1864E+04   0.1113E+04   0.9788E+03   0.1960E+04   0.1631E+04   0.1522E+04   0.1454E+04
 1.3275   0.3615E+04   0.1857E+04   0.1124E+04   0.9846E+03   0.1947E+04   0.1621E+04   0.1513E+04   0.1445E+04
 1.3320   0.3603E+04   0.1848E+04   0.1133E+04   0.9893E+03   0.1936E+04   0.1612E+04   0.1505E+04   0.1438E+04
 1.3365   0.3595E+04   0.1842E+04   0.1136E+04   0.9921E+03   0.1928E+04   0.1606E+04   0.1500E+04   0.1435E+04
 1.3410   0.3590E+04   0.1837E+04   0.1139E+04   0.9952E+03   0.1926E+04   0.1603E+04   0.1498E+04   0.1434E+04
 1.3455   0.3588E+04   0.1833E+04   0.1138E+04   0.1004E+04   0.1928E+04   0.1604E+04   0.1500E+04   0.1437E+04
 1.3500   0.3587E+04   0.1828E+04   0.1134E+04   0.1018E+04   0.1932E+04   0.1607E+04   0.1504E+04   0.1443E+04
 1.3545   0.3589E+04   0.1817E+04   0.1129E+04   0.1029E+04   0.1939E+04   0.1614E+04   0.1511E+04   0.1452E+04
 1.3590   0.3591E+04   0.1805E+04   0.1127E+04   0.1034E+04   0.1946E+04   0.1623E+04   0.1522E+04   0.1464E+04
 1.3635   0.3594E+04   0.1798E+04   0.1128E+04   0.1035E+04   0.1953E+04   0.1634E+04   0.1534E+04   0.1477E+04
 1.3680   0.3598E+04   0.1797E+04   0.1130E+04   0.1035E+04   0.1961E+04   0.1646E+04   0.1548E+04   0.1490E+04
 1.3725   0.3605E+04   0.1801E+04   0.1133E+04   0.1035E+04   0.1969E+04   0.1658E+04   0.1561E+04   0.1501E+04
 1.3770   0.3613E+04   0.1808E+04   0.1137E+04   0.1035E+04   0.1978E+04   0.1671E+04   0.1575E+04   0.1512E+04
 1.3815   0.3622E+04   0.1817E+04   0.1141E+04   0.1035E+04   0.1987E+04   0.1683E+04   0.1588E+04   0.1523E+04
 1.3860   0.3632E+04   0.1827E+04   0.1146E+04   0.1036E+04   0.1996E+04   0.1696E+04   0.1601E+04   0.1532E+04
 1.3905   0.3642E+04   0.1838E+04   0.1150E+04   0.1036E+04   0.2005E+04   0.1708E+04   0.1613E+04   0.1540E+04
 1.3950   0.3653E+04   0.1851E+04   0.1155E+04   0.1036E+04   0.2014E+04   0.1720E+04   0.1625E+04   0.1548E+04
 1.3995   0.3664E+04   0.1864E+04   0.1161E+04   0.1037E+04   0.2024E+04   0.1731E+04   0.1634E+04   0.1554E+04
 1.4040   0.3674E+04   0.1877E+04   0.1166E+04   0.1037E+04   0.2032E+04   0.1741E+04   0.1642E+04   0.1558E+04
 1.4085   0.3684E+04   0.1890E+04   0.1171E+04   0.1038E+04   0.2040E+04   0.1750E+04   0.1649E+04   0.1562E+04
 1.4130   0.3693E+04   0.1902E+04   0.1177E+04   0.1038E+04   0.2047E+04   0.1756E+04   0.1654E+04   0.1564E+04
 1.4175   0.3702E+04   0.1913E+04   0.1182E+04   0.1039E+04   0.2053E+04   0.1761E+04   0.1657E+04   0.1565E+04
 1.4220   0.3710E+04   0.1924E+04   0.1187E+04   0.1040E+04   0.2057E+04   0.1765E+04   0.1659E+04   0.1565E+04
 1.4265   0.3717E+04   0.1934E+04   0.1192E+04   0.1041E+04   0.2061E+04   0.1768E+04   0.1660E+04   0.1564E+04
 1.4310   0.3722E+04   0.1942E+04   0.1197E+04   0.1042E+04   0.2064E+04   0.1770E+04   0.1660E+04   0.1563E+04
 1.4355   0.3725E+04   0.1948E+04   0.1200E+04   0.1044E+04   0.2065E+04   0.1770E+04   0.1660E+04   0.1562E+04
 1.4400   0.3726E+04   0.1950E+04   0.1203E+04   0.1045E+04   0.2063E+04   0.1769E+04   0.1660E+04   0.1561E+04
 1.4445   0.3725E+04   0.1950E+04   0.1206E+04   0.1047E+04   0.2061E+04   0.1767E+04   0.1659E+04   0.1561E+04
 1.4490   0.3722E+04   0.1948E+04   0.1208E+04   0.1048E+04   0.2058E+04   0.1766E+04   0.1659E+04   0.1561E+04
 1.4535   0.3718E+04   0.1944E+04   0.1209E+04   0.1049E+04   0.2055E+04   0.1764E+04   0.1659E+04   0.1562E+04
 1.4580   0.3713E+04   0.1939E+04   0.1211E+04   0.1050E+04   0.2052E+04   0.1763E+04   0.1658E+04   0.1562E+04
 1.4625   0.3709E+04   0.1934E+04   0.1212E+04   0.1052E+04   0.2050E+04   0.1762E+04   0.1658E+04   0.1562E+04
 1.4670   0.3705E+04   0.1929E+04   0.1213E+04   0.1053E+04   0.2048E+04   0.1761E+04   0.1657E+04   0.1562E+04
 1.4715   0.3702E+04   0.1924E+04   0.1213E+04   0.1055E+04   0.2047E+04   0.1760E+04   0.1656E+04   0.1562E+04
 1.4760   0.3700E+04   0.1920E+04   0.1213E+04   0.1057E+04   0.2047E+04   0.1759E+04   0.1656E+04   0.1562E+04
 1.4805   0.3698E+04   0.1918E+04   0.1213E+04   0.1059E+04   0.2047E+04   0.1760E+04   0.1656E+04   0.1562E+04
 1.4850   0.3698E+04   0.1917E+04   0.1212E+04   0.1061E+04   0.2048E+04   0.1760E+04   0.1656E+04   0.1562E+04
 1.4895   0.3699E+04   0.1917E+04   0.1211E+04   0.1063E+04   0.2050E+04   0.1762E+04   0.1657E+04   0.1563E+04
 1.4940   0.3700E+04   0.1918E+04   0.1211E+04   0.1064E+04   0.2051E+04   0.1762E+04   0.1658E+04   0.1563E+04
 1.4985   0.3701E+04   0.1918E+04   0.1210E+04   0.1065E+04   0.2052E+04   0.1762E+04   0.1657E+04   0.1563E+04
 1.5030   0.3701E+04   0.1918E+04   0.1209E+04   0.1066E+04   0.2052E+04   0.1761E+04   0.1656E+04   0.1562E+04
 1.5075   0.3700E+04   0.1917E+04   0.1208E+04   0.1067E+04   0.2051E+04   0.1760E+04   0.1655E+04   0.1561E+04
 1.5120   0.3700E+04   0.1917E+04   0.1208E+04   0.1067E+04   0.2050E+04   0.1758E+04   0.1653E+04   0.1560E+04
 1.5165   0.3700E+04   0.1917E+04   0.1207E+04   0.1067E+04   0.2049E+04   0.1756E+04   0.1651E+04   0.1558E+04
 1.5210   0.3699E+04   0.1916E+04   0.1206E+04   0.1067E+04   0.2048E+04   0.1755E+04   0.1650E+04   0.1557E+04
 1.5255   0.3698E+04   0.1916E+04   0.1206E+04   0.1067E+04   0.2047E+04   0.1753E+04   0.1648E+04   0.1556E+04
 1.5300   0.3698E+04   0.1916E+04   0.1205E+04   0.1066E+04   0.2047E+04   0.1752E+04   0.1648E+04   0.1556E+04
 1.5345   0.3699E+04   0.1916E+04   0.1204E+04   0.1066E+04   0.2047E+04   0.1752E+04   0.1648E+04   0.1557E+04
 1.5390   0.3700E+04   0.1918E+04   0.1204E+04   0.1066E+04   0.2049E+04   0.1753E+04   0.1649E+04   0.1558E+04
 1.5435   0.3702E+04   0.1920E+04   0.1204E+04   0.1066E+04   0.2050E+04   0.1754E+04   0.1650E+04   0.1559E+04
 1.5480   0.3704E+04   0.1922E+04   0.1204E+04   0.1066E+04   0.2052E+04   0.1755E+04   0.1651E+04   0.1559E+04
 1.5525   0.3705E+04   0.1923E+04   0.1204E+04   0.1065E+04   0.2052E+04   0.1755E+04   0.1651E+04   0.1559E+04
 1.5570   0.3707E+04   0.1925E+04   0.1204E+04   0.1065E+04   0.2053E+04   0.1755E+04   0.1650E+04   0.1558E+04
